499      448
16      494
88      470
475      434
233      595
338      822
303      479
283      169
84      40
629      796
914      142
587      172
247      889
917      833
733      624
304      585
72      320
79      160
791      906
946      24
854      284
198      157
115      482
678      551
874      308
347      788
802      934
313      49
823      230
882      909
854      186
494      278
858      573
791      1
831      737
378      685
374      576
194      841
410      873
393      284
533      740
425      335
27      738
384      202
320      618
111      175
156      605
805      366
530      596
368      362
686      98
47      412
674      242
253      85
467      998
721      0
739      146
335      118
884      71
320      557
41      432
732      197
37      889
915      920
486      635
282      172
733      681
584      408
275      837
845      742
188      566
94      927
65      429
397      301
852      717
858      893
149      942
442      539
832      358
459      318
993      93
490      79
774      426
839      50
615      684
144      803
602      239
82      667
20      479
969      873
197      827
766      698
770      561
237      602
919      48
272      264
141      762
343      916
540      182
318      155
218      814
959      173
53      41
840      426
521      161
299      70
341      417
768      463
978      6
417      249
54      689
514      196
803      209
464      343
744      782
498      962
596      457
135      2
851      328
428      372
841      79
794      182
496      562
645      827
568      62
76      975
751      590
523      554
152      987
249      896
121      748
210      69
557      698
423      760
378      851
484      219
282      278
402      779
841      399
606      761
462      682
736      565
625      611
472      129
950      721
25      71
821      587
493      731
637      916
491      15
120      976
235      402
254      989
181      95
388      139
209      202
174      297
768      151
909      240
280      859
313      657
283      135
244      128
866      882
44      709
897      164
685      484
567      940
473      100
387      214
592      596
416      766
246      536
917      155
128      197
366      442
854      1
929      450
129      147
332      526
856      582
690      542
418      609
834      244
62      573
458      654
522      226
772      768
763      689
923      891
238      641
333      444
995      614
894      124
761      579
650      618
161      693
160      931
302      346
175      716
919      985
370      441
212      142
209      327
183      484
218      421
126      904
865      121
518      112
597      632
691      248
250      204
293      762
135      947
108      663
664      27
648      386
469      212
529      678
539      64
515      110
486      993
14      703
114      884
815      63
516      858
663      118
62      956
880      550
904      988
213      920
368      861
306      837
74      187
867      965
252      382
75      90
727      441
793      193
326      961
257      194
819      920
665      882
229      545
432      485
886      997
405      254
858      711
443      284
899      662
250      503
397      325
593      124
767      386
318      445
347      575
991      519
847      656
401      76
554      185
561      792
182      318
398      392
30      841
677      281
855      279
784      252
956      377
377      75
115      695
520      815
622      864
334      821
872      87
898      778
272      811
570      806
482      968
550      864
161      579
145      17
858      281
269      167
658      998
242      125
45      115
940      667
979      274
489      203
361      739
982      985
902      552
143      384
873      694
248      34
273      745
403      484
26      673
651      36
23      893
162      69
8      454
736      339
729      577
543      442
668      525
780      571
429      923
307      302
969      556
689      243
653      92
79      680
117      730
68      141
975      230
562      336
685      650
675      766
228      218
560      248
95      340
819      525
616      479
179      585
387      868
180      40
313      259
720      430
341      789
923      669
371      485
5      408
136      32
526      716
251      87
964      698
427      136
223      395
615      403
981      354
623      161
394      936
773      467
719      466
608      642
135      979
480      140
740      968
173      266
684      776
705      0
826      485
488      402
880      455
805      861
809      780
375      204
717      500
671      436
966      279
430      102
610      910
594      702
878      119
321      914
247      26
915      74
863      755
476      744
211      633
957      20
413      684
576      482
184      599
270      503
878      701
957      841
611      551
895      842
23      216
756      270
595      23
696      458
779      524
554      990
157      864
362      923
548      939
757      85
538      28
940      769
81      897
962      44
800      857
886      823
426      995
446      21
18      494
831      149
19      738
139      528
602      854
803      502
793      561
939      683
941      879
452      22
776      414
66      577
624      953
752      50
948      550
423      318
45      606
468      64
344      959
944      946
813      748
801      958
661      740
642      602
620      446
624      748
861      690
677      837
995      430
239      943
980      662
614      377
268      434
441      965
745      738
911      559
486      712
869      147
805      511
101      425
310      725
173      523
415      203
360      411
633      599
706      965
613      672
343      233
106      136
198      204
874      110
115      712
174      984
211      979
848      312
756      158
37      282
681      805
485      41
568      118
992      626
435      605
299      130
838      757
267      389
961      493
499      76
558      25
413      769
357      261
82      113
419      471
395      452
628      880
845      196
350      189
175      138
794      474
268      984
583      535
725      545
381      576
973      939
602      386
708      959
647      142
424      418
966      820
222      594
52      67
143      755
256      318
893      402
144      161
739      727
49      464
624      430
393      598
369      995
336      429
306      984
924      730
754      890
902      329
836      955
748      331
710      5
1      603
759      145
116      850
225      165
667      849
595      60
799      316
407      136
746      713
472      22
795      578
912      698
907      100
653      656
432      715
13      433
318      124
931      786
975      156
952      994
5      899
406      157
216      813
293      314
878      765
336      673
695      600
371      603
700      24
259      132
739      272
918      409
396      849
196      723
5      500
69      362
399      475
871      967
288      164
281      166
281      969
192      977
569      563
932      622
940      191
754      31
815      24
793      563
225      989
287      582
841      708
297      240
184      168
208      824
333      841
343      966
163      535
295      732
98      227
354      38
770      461
422      585
837      215
149      63
556      788
645      397
496      942
989      32
111      549
857      796
391      200
114      554
87      762
638      185
989      345
576      760
158      998
697      995
213      198
410      121
338      56
518      187
350      507
219      813
57      76
609      800
628      76
706      715
838      696
253      179
41      181
939      551
179      989
899      744
187      309
865      878
365      735
65      68
594      284
881      651
713      491
803      693
919      861
761      757
558      14
936      951
195      228
503      726
569      402
822      108
711      687
986      429
774      51
497      368
688      378
372      753
221      175
446      492
37      559
249      947
573      538
898      120
118      753
198      687
507      20
795      571
59      782
0      833
185      849
202      873
579      574
978      153
101      777
645      138
336      895
437      262
785      336
734      903
441      933
942      949
953      737
520      13
871      872
198      409
721      400
634      652
326      613
805      428
390      451
918      78
698      356
340      483
44      75
738      485
360      32
786      665
121      306
678      993
178      229
754      251
981      388
904      308
1      61
88      743
512      358
822      210
714      514
45      110
941      135
948      301
167      734
967      289
41      997
634      571
578      388
175      560
776      431
868      130
492      308
873      5
666      47
215      733
914      613
843      855
748      143
509      916
878      828
205      271
177      839
842      756
227      369
316      355
800      536
485      293
844      359
298      510
758      865
595      672
478      791
880      227
934      389
495      812
569      700
83      98
891      278
854      118
647      522
473      448
58      311
741      254
22      391
117      780
256      712
805      735
503      685
314      438
426      809
602      995
861      686
93      752
316      300
222      963
822      47
763      233
358      856
487      380
247      604
161      504
669      966
591      172
3      257
962      429
418      565
776      279
603      221
31      919
521      605
234      696
652      350
281      11
206      768
743      454
725      904
310      746
222      253
918      225
510      233
6      928
798      782
559      401
356      942
672      229
547      906
925      199
256      558
562      815
327      306
269      404
562      931
150      137
184      420
714      46
653      721
974      803
855      885
204      211
827      228
441      374
135      718
925      743
277      840
558      956
146      179
712      60
110      214
197      646
634      912
692      640
985      18
443      840
903      0
404      730
228      845
456      715
915      734
459      192
574      369
500      72
901      212
132      11
426      682
658      413
946      702
405      931
721      848
123      624
200      527
707      429
724      163
496      640
897      307
184      823
677      685
895      578
249      380
941      676
62      951
441      8
6      846
291      727
46      414
703      247
294      410
28      18
926      524
10      823
184      195
999      213
232      894
143      481
274      84
157      688
388      598
696      394
796      987
473      843
754      176
90      48
587      470
66      513
346      429
688      530
624      687
743      856
582      886
337      208
323      847
897      711
797      593
457      594
933      930
437      39
106      879
87      693
701      505
558      47
934      247
578      558
934      321
766      868
560      456
77      883
303      326
946      452
271      403
46      204
333      835
595      791
66      682
837      767
540      395
815      474
994      745
385      929
418      151
149      978
959      578
861      262
904      807
67      176
562      113
732      895
301      328
39      719
362      876
487      902
623      654
377      618
751      114
899      169
617      48
148      577
979      361
191      883
169      258
411      83
724      496
979      377
824      370
96      538
246      935
441      869
941      170
487      692
636      738
862      253
787      362
830      766
723      22
1      244
632      413
328      356
261      659
733      85
29      182
975      627
117      768
496      59
290      336
751      926
426      965
180      213
327      10
331      51
384      685
647      17
450      975
725      711
634      811
148      15
993      123
642      462
244      491
521      534
179      625
461      605
590      641
171      270
3      502
321      740
539      968
109      989
296      834
700      282
645      200
298      990
324      292
453      568
783      974
454      962
951      915
920      894
908      91
164      264
945      837
4      485
157      113
826      453
299      879
88      297
79      386
287      755
30      740
323      814
67      130
128      18
45      400
264      306
491      428
570      789
265      574
274      423
39      452
876      690
331      964
987      411
702      627
166      85
367      842
899      786
972      379
157      369
132      421
675      623
850      597
412      115
523      38
890      562
491      119
605      174
435      592
937      138
219      104
223      939
298      474
77      622
205      234
343      689
656      371
313      858
968      77
325      492
468      216
406      311
335      11
